06 2015 3.23
07 2015 1.76
08 2015 0.87
09 2015 0.09
10 2015 1.54
11 2015 1.65
12 2015 0.79
01 2016 0.50
02 2016 0.48
03 2016 1.18
04 2016 2.44
05 2016 2.38
06 2016 1.62
07 2016 1.07
08 2016 0.22
09 2016 0.03
10 2016 0.26
11 2016 0.52
12 2016 0.78
01 2018 0.54
02 2018 0.31
03 2018 1.02
04 2018 0.86
05 2018 1.86
06 2018 0.43
07 2018 1.03
08 2018 0.93
09 2018 0.18
10 2018 0.99
11 2018 0.35
12 2018 0.03
01 2019 0.75
02 2019 0.72
03 2019 1.39
04 2019 1.25
05 2019 3.23
06 2019 2.24
07 2019 2.42
08 2019 0.58
09 2019 0.41
10 2019 0.91
11 2019 1.31
12 2019 0.03
